RMS: 0.694572389108
camera matrix:
 [[ 462.16132793    0.          393.06322113]
 [   0.          399.54304791  247.21771504]
 [   0.            0.            1.        ]]
distortion coefficients:  [-0.40119399  0.18389317 -0.00104915  0.00223054 -0.0422645 ]


RMS: 0.717970172693
camera matrix:
 [[ 465.2586546     0.          396.82650103]
 [   0.          402.73722445  245.91335293]
 [   0.            0.            1.        ]]
distortion coefficients:  [-0.40151667  0.17329693 -0.00162442 -0.00094206 -0.03683963]

